1.7765462398529053 Test loss (%)
99.5121955871582 Test accuracy (%)

99.44400061665284 Kappa accuracy (%)
99.51219512195122 Overall accuracy (%)
99.28940585276908 Average accuracy (%)

                              precision    recall  f1-score   support

                     Alfalfa       0.91      1.00      0.96        32
                 Corn-notill       1.00      0.99      0.99      1000
                Corn-mintill       0.99      0.99      0.99       581
                        Corn       1.00      1.00      1.00       166
               Grass-pasture       1.00      0.99      1.00       338
                 Grass-trees       0.98      1.00      0.99       511
         Grass-pasture-mowed       1.00      1.00      1.00        20
               Hay-windrowed       1.00      1.00      1.00       335
                        Oats       0.81      0.93      0.87        14
              Soybean-notill       1.00      1.00      1.00       680
             Soybean-mintill       1.00      0.99      0.99      1719
               Soybean-clean       1.00      0.99      1.00       415
                       Wheat       1.00      1.00      1.00       143
                       Woods       1.00      1.00      1.00       886
Buildings-Grass-Trees-Drives       0.99      1.00      1.00       270
          Stone-Steel-Towers       0.98      1.00      0.99        65

                    accuracy                           1.00      7175
                   macro avg       0.98      0.99      0.99      7175
                weighted avg       1.00      1.00      1.00      7175

[[  32    0    0    0    0    0    0    0    0    0    0    0    0    0
     0    0]
 [   3  988    1    0    0    2    0    0    0    0    6    0    0    0
     0    0]
 [   0    0  578    0    0    0    0    0    3    0    0    0    0    0
     0    0]
 [   0    0    0  166    0    0    0    0    0    0    0    0    0    0
     0    0]
 [   0    0    1    0  335    0    0    0    0    0    2    0    0    0
     0    0]
 [   0    0    0    0    0  511    0    0    0    0    0    0    0    0
     0    0]
 [   0    0    0    0    0    0   20    0    0    0    0    0    0    0
     0    0]
 [   0    0    0    0    0    0    0  335    0    0    0    0    0    0
     0    0]
 [   0    0    1    0    0    0    0    0   13    0    0    0    0    0
     0    0]
 [   0    1    0    0    0    0    0    0    0  679    0    0    0    0
     0    0]
 [   0    0    0    0    0   11    0    0    0    0 1708    0    0    0
     0    0]
 [   0    0    0    0    0    0    0    0    0    0    0  412    0    0
     2    1]
 [   0    0    0    0    0    0    0    0    0    0    0    0  143    0
     0    0]
 [   0    0    0    0    0    0    0    1    0    0    0    0    0  885
     0    0]
 [   0    0    0    0    0    0    0    0    0    0    0    0    0    0
   270    0]
 [   0    0    0    0    0    0    0    0    0    0    0    0    0    0
     0   65]]